m1	m2	m3	m4
11.6	11.4	11.6	11.5
11.6	11.5	11.7	11.7
11.4	11.5	11.1	11.1
11.0	10.8	10.5	10.3
10.1	10.1	10.1	10.2
10.8	10.6	11.8	11.4
11.6	12.0	11.9	12.0
12.0	11.7	11.5	11.4
11.4	11.5	11.3	11.4
11.6	11.4	11.4	11.2
11.4	11.3	11.0	11.4
11.1	11.2	11.0	10.9
11.1	11.0	11.0	11.1
10.8	10.8	10.8	10.4
10.6	10.4	10.3	10.1
10.3	10.4	10.2	10.1
9.8	10.1	10.9	11.8
11.9	12.0	11.9	12.2
12.1	11.8	12.0	11.6
11.2	11.7	11.4	11.0
10.9	10.6	10.4	10.4
9.7	10.4	9.6	10.1
10.3	10.5	10.4	10.6
10.7	10.6	10.9	11.2
11.7	11.7	11.5	11.3
11.7	11.4	11.3	11.9
11.3	11.4	11.4	11.4
11.4	11.7	11.4	11.6
11.3	11.2	11.3	11.1
11.2	11.2	11.0	11.2
11.2	11.4	11.5	11.2
11.0	11.4	11.2	10.8
10.9	10.6	10.6	10.4
10.7	11.4	11.1	11.1
11.5	11.2	11.1	11.5
11.2	11.6	11.5	11.3
11.1	11.4	10.9	11.0
10.9	10.4	10.5	10.2
10.1	11.1	10.8	11.5
11.4	11.1	11.5	11.4